% Função que gera as instancias para o problema da p-mediana
% Autor: Nielsen C. Damasceno
% Data: 18/04/2013
function [d,H] = instancias()
    % d = [0	15	37	55	24	60	18	33	48	40	58	67; ...
    %     15	0	22	40	38	52	33	48	42	55	61	61; ...
    %     37	22	0	18	16	30	41	28	20	58	39	39; ...
    %     55	40	18	0	34	12	59	46	24	62	43	34; ...
    %     24	38	16	34	0	36	25	12	24	47	37	43; ...
    %     60	52	30	12	36	0	57	42	12	50	31	22; ...
    %     18	33	41	59	25	57	0	15	45	22	40	61; ...
    %     33	48	28	46	12	42	15	0	30	37	25	46; ...
    %     48	42	20	24	24	12	45	30	0	38	19	19; ...
    %     40	55	58	62	47	50	22	37	38	0	19	40; ...
    %     58	61	39	43	37	31	40	25	19	19	0	21; ...
    %     67	61	39	34	43	22	61	46	19	40	21	0];
    % H = [15 10 12 18 5 24 11 16 13 22 19 20]; % Demanda (Hi)

    % d = [0 20 18 14 16 12; ...
    %     20 0 22 18 30 16; ...
    %     18 22 0 32 20 22; ...
    %     14 18 32 0 20 22; ...
    %     16 30 20 20 0 30; ...
    %     12 26 22 22 30 0;];

    % d = [0	7	4	5	12	7	14; ...
    %     7	0	11	12	5	14	11; ... 
    %     4	11	0	7	16	3	11; ...
    %     5	12	7	0	15	5	9; ...
    %     12	5	16	15	0	14	6; ...
    %     7	14	3	5	14	0	8; ...
    %     14	11	11	9	6	8	0];
    % H = [100 200 120 45 250 80 75];

    %d = distances('pmed40.txt');
    %H = ones(1,length(d)); % Demanda (Hi) são todos 1's

    d = distances('Alberta_distances.txt');
    H = load('Alberta_demands.txt');
    
    %d = distances('Galvao150_distances.txt');
    %H = load('Galvao150_demands.txt');
    
    %d = distances('334Pm_Pc.txt');
    %H = ones(1,length(d)); % Demanda (Hi) são todos 1's
    


    %d = msimetrica(800,800);
    %H = ones(1,n); % Demanda (Hi) são todos 1's
end